    1   93   71    2   74   29   40   30
    2   54   32   66   97   64   98   15
    3   79   60   82   33   40   34   16
    4   86   67   30   13   92   31    9
    5   81   41   85   70   70   85   96
    6   44    8   70   32   36   89    2
    7   97   45   22   10   93   41   52
    8   28    5   54    8   41   34   35
    9   70   77   19   27   79   91    9
   10   77   46   68    4   15   73   34
   11   62   41   45   49   71   10   76
   12    1   60   17   94   88   22   26
   13   36   13    4    6   70   88   42
   14   27   24   34   91   14   61   77
   15   17   35   39   90   36    0   98
   16   97   77   51   83   91   64   26
   17   97   89   36   90   36   81   41
   18   23   73   43   53   19   18   69
   19    2   66   90   64   28   40   14
   20   44   91   12   69   79   40   51
   21   95   58   29   68   83   71   61
   22   84   74   43   59   75   91   22
   23    5   17   63   90   59   20   92
   24   17   14   79   33    0   97   28
   25   15   12   84   15   86    0   82
   26   95   70   84   64   83   92   72
   27   40   52    6   23    6   86   57
   28   42   98   67   88   20   40   69
   29   15   20   83   54   59   67   93
   30   37   61    8   46   19   59   68
   31   88   64   79   95   78   59   23
   32   40   91   13   21   11   82   25
   33   68   44   88   69   40   20    4
   34   85   53   65    0   72   94   65
   35   53   48   58   53   91   96   62
   36   94   56   65   37   76   19    4
   37   49   32   21   88   17   59   10
   38   87   63   82   15   54   59   99
   39   95   56   93   67   80   54   17
   40   85   18   55   27   38   32   69
   41   32   72   96    5   83   25   26
   42   98   65   73   13    2   36    1
   43   86   21   63   71   66   32   83
   44   73   18   54   94   74   87   63
   45   61   36   67   89    1   63   26
   46   46   11   56   89   49   71   95
   47   58   22   73   46   30   73    5
   48   70   51   11   24   75   56   22
   49   47   75   10   56   21   18   68
   50   88   98   63   83   17   98   19
   51   78    8   22   24   94   56   24
   52   54   63   53   42   62   33   58
   53   45   99    2   31   51   85   36
   54   70   30   33   56    9    3   70
   55   11   59   27   50   70   66   64
   56   61   10   22   88   49   88   24
   57   30   10   47   98    6   26   14
   58    8   35   69   15   59   94   87
   59   66   47   25   99   45   88   84
   60   62    0   10   54   50   17   69
   61   40   79    1   39   34   20   17
   62   49   90   37   71   26   52   13
   63   94   32   45   89   64   44   20
   64   39   61   40   51    1   36   26
   65   36   38   50   34   87   84   23
   66   54   63   11   15   83   11   93
   67   58   14   66   99   31   22   12
   68   33   92    3   41   36   50   43
   69   33   36   84   19   48   65    2
   70   17   52   89   61   56   32    7
   71   50    9   53   24   81   91   70
   72    6   40   71   15    3   42   33
   73    6   99   17   15   10   69   12
   74   66   49   79   75   83   81   20
   75   90   19   39   58   76   81   33
   76   58   10   35   27   33   56   50
   77   80    3   48   17    1   30    1
   78   81    9   65    3   88   71   73
   79   61   91   69   44   59   84   84
   80   86   32   33   91   67   36   62
   81   32   55   30   95   88    5    7
   82    6   96   88   28   21    7   20
   83   32   52   99   46   47   47   23
   84   37   24   64   95   53    0   35
   85   98   40   65   42   10   96   42
   86   74   41   36   26   34   93   62
   87   82   44   55   41   66   90   71
   88   94   44   78   39   75   11   77
   89   94   56   90   81   95   79   34
   90   35   23   29   49   76   56   76
   91   92   65    3   86    5   78   26
   92   55   92   55   11   26   44   38
   93    8   51   91   98   77   48   55
   94   94   57   23   43   53   17    3
   95   47   27   83   89   65   58   37
   96   67   19   99   94   51   69   91
   97   79   95   97   34   53   14   94
   98   45   25   78   24   60   82   97
   99   28   48   85   96   66   27   52
  100   79    1   61   30   43   75   71
  101   32   34    3   33   50   70   17
  102   79   76   41   38   76   42   68
  103   64   89   98   84   42   19   60
  104   86   87   20   39   66   98   31
  105   90   64   26   19   35   11   50
  106   32   16   17   13   68   50   21
  107   92   31    6    0   65   97    7
  108   19   74   56   27   57   84   80
  109   60   91   63   75   66    2   28
  110   26   76    5   42    4   16   16
  111   41   83   16   80   53   75   62
  112   43   54   14   43   19   89   96
  113   68   21   92   27   91   45   10
  114   16   49   81   62   55   73   86
  115   40    5   90    0   87   17   20
  116   13   56   90   27   91   26   20
  117   63   25   87   12   23   71   98
  118   67   12   24   81   91   92   35
  119   81   91   98   35    9   28   54
  120   16   68   30   68   60   10   73
  121   26   36   11    1   56   77   98
  122   25   85   57   59   57   74    7
  123   90   66   57   88   84   18   94
  124   25   21   31    6   16   67   24
  125    5   91   51   68   51   63   56
  126   36   83   11   91   40   15   84
  127   44   94   96   59   92   79   85
  128   64   19   11   30   35   78   83
  129   53   68   81   46   27   25   29
  130   24   45   68   35    2   41   81
  131   18   10   79   44    1   33   79
  132   63   81   10   99   18    0   59
  133   76   85   71   41   64   95    8
  134   17    4   71   13   75   11    4
  135   91   10   46   11   75   20   20
  136   58   51   23   57   71   11   72
  137   19   93   58    8    0   92   49
  138   45   50   40   46   80   46   93
  139   26   42   51   49   90   64   50
  140   62   91   99   41   61    4   74
  141   56   84   38   28   14    1   18
  142   40   95   61   26   50   64   53
  143   26   85   76    6    1   69   18
  144    3   11   41   77   33   45   60
  145   28   96    0   47   99   58   94
  146   40   70   35   93   59   32   91
  147    3   65   34    3   66   84   40
  148   88   65   75    6    5   58    7
  149   84   83    1   58   87   44   80
  150   69   16   29   79   30   91   92
  151    8   20   28   14   25   38   11
  152   20   50   62   41   23   48   34
  153   58   80   91   42   52   79   77
  154   78   11   73   73   71   92   70
  155   83   76   18   41   52   72   53
  156   50   54   47   50   55   34   89
  157   88   67   14   83    0    7   92
  158    5   95   68   29   49   68   15
  159   17   56   35   70   34   31   76
  160   95   47   29   52   97   71   28
  161   13   69   75   97   86   43   19
  162   51    1   14   51   16    0   77
  163   70   78   21   66    4   86   70
  164   36   65   65   48   26   49   68
  165   94   41    3   25   98   48   86
  166   84   35   50   96   17   58   98
  167   73   62   90   33    5   14   64
  168   10   38    1   57   24    8   34
  169   72   93   73   47   51   88   77
  170   62   90   41   16   38   66   13
  171   61   86    2   68   17   36    8
  172   12   99   30   95   76   37   52
  173   37   92   19   71   60    1   38
  174   56   94   27   91   45   42   22
  175   54   94   97   44   44   99   38
  176   20   57   90   35   12   64   44
  177   96    6   46   76   99   79   22
  178    6   48   80   44   82   20   13
  179   23   82   74   80   61    9   11
  180   34   54   61    1   23   66   24
  181   22   48   71   47   59   61   78
  182   74   72    9   77    7   65   96
  183   66   11    2   80   51   39    7
  184   30   21   61   65   74   52   97
  185   41   47   30   88   58   82   95
  186   67   20   48   85   36   50   22
  187   77   53   33   81   84   47   64
  188   75   10    6   12   53   23   85
  189   22   90   68   34   32    1   82
  190   25   52   61   73   61   30   64
  191   45   77   28   23   69   20   89
  192   92   25   56   82   17   63    4
  193   88   62   69   16    5   13   28
  194    4    9    7   64   20   51   97
  195   97   19   40   81   87    1   78
  196   68    0    5   29   90   42   41
  197    5   86    9    5   69   84   96
  198   75   81   71   15   79   23   94
  199   13   90   74   63   29    6   20
  200   39   25   91   37   62   83   65
  201   82   49    7   35   12   26    5
  202   83   48   80   38   63   64    5
  203   51   19   29   15   69   91   74
  204   14   33   23    2   76   31   27
  205   31   90   99   87    6   88   40
  206   24   82   90   20   87   33   78
  207    2   96   49    9    3   61   96
  208   95   17   51   31   35   51   92
  209   39   79   24   23   14   72   13
  210   82   14   30   54   94   94   91
  211    8   40   24   42   76   53   70
  212   98   18   20   38   97   43   30
  213   57   17   80   70    3   57   90
  214   91   41   41   20    1   12   81
  215   30   98   56   95   17   67   16
  216   54   53   54   76   99   84   19
  217   77   22   21    1   41   51   94
  218   86   95   46   21   37   59   48
  219   15   80   81   37   15   58   50
  220   25    8   39   30   33   92   65
  221   40   68    4   46   24   23   28
  222   63    6   52   82   98   92   31
  223   88   66   27   90   92    5   69
  224   19   46   83   13   99   11   52
  225   60   68   96   21   94   32   14
  226   37   93   51   72   70   98    8
  227    8   86    4   99   24   33   60
  228   63   59   10   12   29   97   12
  229   31   93   99   22   60   88   13
  230   82   79   52    9   75   31   29
  231   63   93    1   50    7   63   73
  232   15   53   99   98   44   89   88
  233   82   30   56   94   69   19   94
  234   14   37   44   71   11   30   20
  235    3   28   80   39   89    4   72
  236   53   92    6   85   21   20   25
  237   97   92   84   43   63   58   18
  238   75   16   45   87   87   89   27
  239   29   72   83   71   14   99   60
  240   50   37   81    5   58   98   25
  241   10   64   68   88   55   79   76
  242   50   40   48   15   25   67   19
  243   98   72   52    2   61   63    3
  244   27   68   10   82   56   19   46
  245   17   15   44   45   70   47   26
  246   19   46   42   46   53   29   96
  247   60   80   16   41   44   68   80
  248   77   56   63   45   62   35    6
  249   75   49   40   19   63   64   24
  250   22   27    1   26   66   96   67
  251   67   80   18   38   22   18   86
  252   38   47   68   50   85   50   14
  253   30   94   86   85   55   11   85
  254    8   71   26   19   74    3   93
  255   48   89   77   84   78   88   43
  256   60   23   52   78   81   57    9
  257   85    3   81   22   56    3   75
  258   56    2   38   22   11    7   29
  259   38   50   14   43   84   71   20
  260    5   76   33   83   26   67   51
  261   44   17    7   46   14   88   69
  262   82   27   69   47   15   73   81
  263   46   55   60   55   80    9   44
  264   83   31   60   65   73   39   56
  265   80   40   79   87   90   31   87
  266   49   45   38   19   33    9   43
  267   75   58   36   15   37   52   58
  268   13   24   39   28   29   12   31
  269   27   43   69   10   92   26   89
  270    7   97   29   45   30   72   85
  271   55   38   14   35   10    3   29
  272   38   45   81    2   36   47   89
  273   74   81   12   79   88   84   67
  274   96   58   33   22   29   78   53
  275   16   91    0    6   68   78    2
  276   32   72   52   43   85    4    2
  277   31    3   56   33   98   50   50
  278   35   21   11   21   34    2   71
  279   28   61   46    8   74    0    0
  280   60    2   90   17   38   51   69
  281   36   79   64   86    8   90   58
  282   57   94   12   71    2   29   37
  283   34   59   46   64   24   48   17
  284   32    6   88   87   55   56   11
  285   40   44   47   84   63   94   56
  286   72   35   41   47   68   25   77
  287   61   21   17   50   64   32   67
  288   37   75   48   36   73   15   75
  289   22   32   14   59   72   15   21
  290   28   36   54   77   55   88   62
  291   17   36   35   96   90   63   84
  292   23   98   90   62   19   87   20
  293   27    5   48   18   44   83    0
  294   37   40   11   82   84   10   51
  295   97   92   80   52    4   49   91
  296   85   82   42   42   36   44    8
  297   46   76   32   52   66   60   44
  298   86   17   84   58   56   28   22
  299   95   70   95   91    2   36   50
  300   43   47    7   52   75    1   58
  301   61   36   56   98   78   69   96
  302    2   82   89   16   61   14   65
  303   57   93   33   44   11   44   82
  304   61   50   96   76   76   81   29
  305   55   88   77   57   37   11   74
  306   23    2   38   56   75   84   48
  307   48   58   17   92   18   62   49
  308   62   29   36   13   28   57   20
  309    9   99   46   91   35   39   41
  310   23   85   98   98   41   25    3
  311   73   13    9    8   22   78   47
  312   84   75   23   68   71   74    1
  313   58   53   12    1   40   89   31
  314   87   61   61   94   97   61   10
  315   83   75    8    4   20   20   97
  316   89   74   83   17   51   48    4
  317   18   14   10    0   27   40    9
  318   15   85    0   36   19    8   57
  319    3   10    1   89   58    3   93
  320   53   28   10   92   22   67   92
  321    7   57   51   57   13   54   69
  322    8    4    3   11   78   97   37
  323   61    6   41   73   14   52   95
  324   90   74   77   48   15   62   70
  325   68   34   90    6   72    7   22
  326   34   40   61   12   41    7   65
  327   32   29    7   50   21   20   34
  328    2   95   63   76   76   72   67
  329   37   20   17   67   77   56   93
  330   61   68   64   79   90   60   27
  331    8   15   74   69   53   39   83
  332   61   84   50   13   10    4   45
  333   43   57   77   30   22   93   41
  334   62   26   62   30   96    4   82
  335   94   10   45   15   46   25   68
  336   34   54   44   18   10   37   89
  337   17   83   84    4    3   37   24
  338    0   78    9   87   56   74   27
  339   41   59   23   75    6   60   29
  340   16   65   50   16   15   79    6
  341   48   28   72   45   92    7   75
  342   12   39   96   97    9   47   78
  343   84   67   62   10   52   27    3
  344    2   44   68   93   50   15   85
  345   67    1   17   96   79   33    4
  346   76    6   68   60    2    5   94
  347    5   28    7   50   38   19   58
  348   70    0   57   86   80   86   24
  349   69   74   35   93   74   38   18
  350   99   61   56    9   54   88   76
  351   30   77   46   97   72   36   65
  352   50   49   69   37   97   89   57
  353   31   26   35    7   73   29   67
  354   93    8   67   25   54   67   85
  355   84   54   96   18   78   56   37
  356   36   63   12   87   30   69   50
  357   77   72   61   93   93   15   29
  358   39   61    4   83   57   89    0
  359   38    6   11   43   44   58    7
  360   32   17   35   59   84   26   57
  361   38   59   68   44   85   55    3
  362    4   25   75   65   62   10   28
  363   48   45   48   10   99   95   83
  364   79   29    3   34    9   20   75
  365   88   55   60   31   59   21   37
  366   75   49   94   69   59    8   92
  367   59   38   23   89   99   62    6
  368   55    2   63   12   97   47   32
  369   62   22   89   24   14   42   17
  370   25   59   54    8   34   11   59
  371   37   25    0   58   21   83   65
  372   70   55   35   93   15   30   87
  373   54   99   37   87   20   68   44
  374   50   87   64   19   55   42    5
  375    5   25   70    4   80   73   22
  376   27   63   11   13   21   49   19
  377   74   73   17   37    4   62   57
  378   22   68   54   46    9   84   49
  379   99   76   50   11   18   31    2
  380   50   71   96   52    4   30   17
  381   43   48   88   32   11   99   32
  382   62   35   31    2   33   14   91
  383   36   37    3   34   81   28   38
  384    7   98   17   16   99   10   61
  385   62   65   49   78   30   29   33
  386    5   49   76   92   97   58   46
  387   39   27   51   24    1   58   85
  388   98   66    4   68   59   86   48
  389   24   67   72   86   62   86   15
  390   80   89   57    7   64   25   41
  391   96   97   13   88   74    5   31
  392   80   67   33   52   16   58   42
  393   34   19   56   35   44   42   89
  394   33   88   13   93   72   20    5
  395   31   38    1   58   88   97   78
  396   52   37   75   47   46   20   18
  397   81   32   10   44    6   10   93
  398    5   26   74   48   39   98   48
  399   47   41   98   19   80   88   23
  400   10   41   93   10   43    3   88
  401   54   67   42   58   95   72   88
  402   18    6   30   87    1   99   81
  403   18   61    2   64   97   16   75
  404   34   64   63   11   18   71   53
  405    4    2   24    0    7   76   86
  406   97   84   66   74   46   99   87
  407   61   99   48   87    2   51   18
  408   40   96   95   13   15   39   77
  409   60   91   70   50   85   52   99
  410   61   29   42   58   25   47    5
  411   82   81   21   54   17   59   13
  412   82   14   57   46   29   39   99
  413   41   23   39   21   81   87   68
  414   19   17   70   59   23    0   46
  415   45   37   60   19    4   58   23
  416   52   12   91   16    6   83   46
  417   74   41   87   46   33    8   33
  418   90   57   17   21   46   40   85
  419   84   79   74   83   51   26   73
  420   82   82   42   42   58   50   54
  421    9   59   73   54    7   60   29
  422   56   18   25    9   36   31   56
  423   17   70   39    3   38   25   17
  424   87   65   97   28   40    3   97
  425    2   35   16   76   51   37   43
  426   59   16   85   54   80   10   75
  427   81   54   11   94   20   19   21
  428   53   39   48   77   82   54    8
  429    0   66   16   75   30   90   14
  430    2    8   95   16   81   22   85
  431   60   47   64   73   23   85    7
  432    3   21   73   38   58   46   33
  433   72   59   82   31   68   38   83
  434   35    9   58   49   65   74   27
  435   86    8   94   95   87   47   58
  436   36   25   45   91   32   35   40
  437   19   36   69    5    5   76   49
  438   48   11   43   44   91   45    7
  439   19   79   27   79   43   42   79
  440   27   63   32   99    3   78   82
  441   79   24    2   72   34   22   13
  442   89    6   81   60   61   22    8
  443   18   72   69   70   42   63    0
  444   85   24   76   58    8   92   40
  445   54   76   82   58   46   67   30
  446   93   79   14   43   97    0   70
  447   18   35   55   51   18   22   55
  448    4    6   89   85   26   90   93
  449   20   42   56   53    6   85   75
  450   53   51   58   53   62   95   47
  451   67   37   93   55   40   60   95
  452   61    0   15   66   69   37   48
  453   52   16   28   89   68    2   42
  454   68   38   82   98   95    6   99
  455   18   54   98   91   56   56   90
  456   71    0   45   48    5   31   97
  457   31   40    4   51    5   12   78
  458   24   45   41    3    7   35   52
  459   71   16   56   17   93   70   46
  460   72   82   95   38   98   95   30
  461   62   51   88   57   39   33   38
  462   47   55   47   83   93   90   28
  463   29   38   21   62    4   34   88
  464    9    9   69   28   24   80   80
  465   86   14   39   24   73   29   73
  466   17   59   68   82   70   19   96
  467   68   32   15   18   62   31    8
  468   23   30   57   67   13   16   29
  469   71   56   40   34   82   69   80
  470   76   69    4   64   55   90   48
  471   65   13   46   54   40   33    7
  472   33   17   34   86   81   63   15
  473   94   98   72   30   84   54   16
  474   10   86   88   42   59   88   84
  475   82   40   34   65    0   20   68
  476   53   14    3   56   81   42   74
  477   20   36   80   11   93   87   50
  478   60   15    3   74   58    9   95
  479   92   89   35   46   86    8   89
  480   35    8    9   73   92   69   30
  481   12   91   96   90   90   83   29
  482   11   18    4   80   55   43   32
  483   47    7   82   66   31   62   26
  484   92   96   50   72   54   65   19
  485    7    0   17   89   59   79   53
  486   78   42   77   62   38   88   39
  487    6   50   87   91   30   82   43
  488    3   14   21   57   28   38   34
  489   70   80   79   79   99   21   13
  490   60   21   34   35   75   71   24
  491   95   11   47   42   70   68   47
  492   45   92   34   58   34   92   46
  493   99   68   12   45    6   40   83
  494    8   10   24   75   84   88   31
  495   62   56   26    2   88   99   50
  496   49   31   26   65    1   15    9
  497   56   43   76   66   15   60   88
  498   52   42   60   65   32    7   37
  499   40   32   70   72   35   66   44
  500   97   53   99   69   21   90   72
  501   10   50   60   29   98   17   34
  502    2    3   47   31    5   94   29
  503   11   32   68   10   38    7   77
  504   50   42   69    5   72   89   41
  505   28   16   63   39   95   44   52
  506    7   68   22    4   33   69   36
  507   38   53   86   73   82   15    1
  508   97   97   66   20   31   84   28
  509   13   60   38   25   67   80   56
  510   32   14   95    0   85   86    8
  511   39   80   17   12   17   81   18
  512   67   11   12   98   70   65   73
  513   40   77   32    5    1   77   71
  514   69   21   75   84   36    1   91
  515   31   92   51   29   73   30   69
  516   59   77   86   63   64   28   96
  517    8   50   65   71   60   74    6
  518   92   66   66   90   93   32   13
  519    4   50   21   52   58   32    8
  520   98   15   65    9   22   50   63
  521   91   57    6   30   41   71   70
  522   79   68    4   82   58   23   64
  523   68   24   83   34   73   45   82
  524   98   66   99   34   62   63   38
  525   52   76   35   30   14   56   35
  526   38   86   62    6   23   12   30
  527   18   33   85   92    1   29   59
  528   95   41   46   70   46   28    9
  529   59    1   50   55   39   40   73
  530   65   58   97   26    1   69   62
  531   79   77   36    8   11    4   72
  532   69   95   67   28   96   57   45
  533   16   37   44   66    3   57    9
  534   93   52    0   37   78   62   75
  535   24   80   22   49   23   45   29
  536   26   79   48   43   61   70   70
  537   54   17    5   32   81   78    4
  538   46   44   83   66   40   62   63
  539   54    0   99    0   68   57   86
  540    4   83   53    5   71   61   81
  541   47   40   99   50   29   92   66
  542   52   68   21   81   10    7   19
  543   56   59   95   40   53    7   20
  544   80   56   13   36   98   10   81
  545    5   12   50   36   12   80   59
  546   30   34    4    8   94   60   56
  547   37   40   81   92   69   79   29
  548   46   33   58   32   28   48   19
  549   32   97   92    7   25   17   46
  550   65   43   69   18   99   24    5
  551   88   93   84   37   73    4   59
  552   45   12   10   10   32   57   65
  553   90   92   87   60   89    2    4
  554   80   71   89   39   71   63   58
  555   41   90   34   55   98   69    0
  556   26   84   37    4   84    5   80
  557   95   35   75   86   19   16   50
  558   81   85    7   86   26   37   32
  559    9   52   59   19   25   90   20
  560   99   18   83    6   69   53   57
  561   39   58   99    7   26   63   71
  562   43   66   19   19   54   79   84
  563   42   67    6   38   60   86   71
  564   41   55   67    9   59    7   23
  565   85   94   63    3   66   53   13
  566   78   17   92   29   65   65    3
  567   83   83   66   95   69   71   80
  568    0   72   30   96   49   89   27
  569   93   51   12    7   64   30   38
  570   93    0   28    9   76   78    1
  571   29   56   40   87   57   14   49
  572   27    8   28   32   49   83   48
  573   18   38   63   96   32   34    6
  574   27   97   59    6   11   43   57
  575   77   10   59   23   73   89   24
  576   60   34   92   41   49   22   47
  577   87   23   92   64   65   48   26
  578   23   93   74   46   95   85   87
  579   87   23   69    8   56   87   12
  580   24   22   20    5   67   57   25
  581   89    1   94   83   22   47   89
  582   39   93   49   98   10    6   46
  583   59   39    9   40   12   11   39
  584   47   77   97   95    8   73   39
  585    0   15   18   82   23    4   57
  586   84   97   56   11   70   88   60
  587   51   73   49   47   59    1   96
  588   91   54   33   47   57   29   31
  589   83   46   52   30   52    3   83
  590   15   36   92   45   68    4   23
  591   22   27    1   92   18   14   59
  592   44   74   79    1    3    0   14
  593   83   95   50   19   15   29   35
  594   69   52   84   36    6   78   77
  595   69   17   50   31   14   94    1
  596   11   29   36   66   43   15   81
  597   25    5   36   54   21   67   45
  598   98   62   47   91   40   83   41
  599   58   35   85   30   18    9   59
  600   57   43   54   60   32   63   66
  601   53   85   57   10   51   89   63
  602   66   39   25   32   96   22   95
  603   56   77   97    0   22   80   25
  604   94   89   60   98   87   77   88
  605   57   37   34   14   37   61   51
  606   73    7   32   33   41   56   96
  607    3   55   39    0   26   37    6
  608   57   19   36   81   17   34    4
  609   31   53   81    6    9   12    2
  610   53   83   61   64   13   49   45
  611   19   30    4   35   20   65   43
  612   75   79   86   11   38    3   60
  613   42   14   40   89   99   97   21
  614   93   29   18   98   25   37   45
  615   34   71   82   43   98   58    8
  616   94   34   28   24   99   19   23
  617   42   82   69   46   33   52   28
  618    0   22   62   90   95    8   77
  619   91   72   84   32   58   66   91
  620   47   68   60   14   31   23   55
  621   23   21   47   21   34   45   46
  622   17   66   62   84   15   28   99
  623   68   14   16   96   64   88   33
  624   23    8    7    5    5   89   46
  625   21   29   60   73   51   88   56
  626   94   26   35   28   49   10   68
  627    6   70    5   12   98   39   41
  628    3   26    4   29   46   59   25
  629   88   35   41   83   48   52   10
  630   70   36    1   53   91   75   68
  631   15   17   98   54   84   66   78
  632   18   92   97   40   13   42   93
  633   84   25   55   29   45    8   22
  634    9   30   17   42   60   85   90
  635    1   13   13   49   92   64   47
  636   48   97   91   16   36   63   33
  637   22   25   92   98   38   76   95
  638   97   66   35   54   73   28   99
  639   72   67   84   23   95   60   10
  640   82   23    1    9   29   46   65
  641   58    0   73    9   55   33   56
  642   88   43   21   42   76   85   96
  643   28   91   70   52   34   49   16
  644   31   51   93   78   98   79   23
  645   47   64    3   23   67    0   24
  646   35   97   70   20   42   75   42
  647   61   23   71   88   64   35   22
  648   63   67   29    2   66   31   33
  649   89   17   84   61   36   71   84
  650    6    6   40   50   18   49   72
  651    8   51   65   41   77   58   35
  652   94    3   48   73   29   37   67
  653   73   75   86   73   22   27   89
  654   47   85   99   57   89   44   31
  655   56   41   44   76   40   48   59
  656   41   66   53   72   83   18   76
  657   52   55   78   47   60    7   28
  658   27   38   90   69   18   91   43
  659   64   32   83    4   71   65   45
  660   27   17   68    4    5   61   35
  661   23   33   59   33   72   79   55
  662   91   18   44   24   95   73   77
  663   49   28   10   75   74   49   10
  664   46   23   60   81   28   30   25
  665   57   77   92   26   62   78   10
  666   88   92   28   64   99   66   49
  667   19   55   63   26   54    1   62
  668   11   61   15   79   64   51   50
  669    3    1   87   17   20   56   43
  670   95    8   83   83   74    8   89
  671   42   17   56   53   76   84   89
  672   19   76    1   51   86    3   82
  673   10   77   29   97   65   83   76
  674   59   97   87   41   47   65   36
  675   31   27   72   13   14   25   69
  676   50   52    0   51   94   80   25
  677   18   74   12   34   19   24   24
  678    2   30   37   46   38   82   82
  679   68   29   79   77   85   46   30
  680   38   58   49   33   33   93   28
  681   64   76   22   29   15   19   82
  682   60   73    5   74   30   99   98
  683   17   93   65   67   93   64   33
  684   44   24   85   86   43   99    7
  685   64   48   49   97   77   31    0
  686   70    8   95   68   53   63   46
  687   94   65   73   38   11   18   69
  688   47   38   13   56   44   55   56
  689   97   20   25   69   41   65   27
  690   52   26   53   29   78   97   90
  691   89   32   15   83    4   86   31
  692   58    8    0    9    5   58   51
  693   58   51   35   74   86   80   29
  694   48   94   94   54    5    1   69
  695   37   55   69   21   50   96   11
  696   79   88   71   33    3   32   66
  697   76   19   59   85   97   31   10
  698   15   84   74   77   17   25    2
  699   78   96   46   69   87   94   74
  700   65   97   95   45   64   68   21
  701   60    6   61   68   45    7   27
  702   80   65   87   72    3   94   48
  703   99   47   52   77   86   92   78
  704   67   31   23   25   20   96   30
  705    3   92   13   17   60   51   53
  706   90   13   98   95   22    0   35
  707   55   23   84   13   11   72   77
  708   99   50   99   37   79   80   82
  709   19   93   28   79   63   34   67
  710   96   38   68   10   73   56   24
  711   26    1   24   98   48   55    1
  712   54   50   80   84   52   97   10
  713   57   34    1   13   93    5   22
  714   41   25   92    5   51   57   49
  715   58   77   13   43   25   19    5
  716   31   32   40   11   49   46   28
  717   50   45    4   70   60    5   43
  718   85   95   31    2   19   66   35
  719   10   59   73   85   56   58   98
  720   81   73   24   47   70   45   64
  721   69   23   15   79   95   71   20
  722   72   83   64   88   40   85   60
  723   68   11   14   63   83   39   89
  724   41   29   73   32    2   90   68
  725   98    0   72   71    4   23   72
  726   71   51   85   10   71   22   66
  727   17   63   61   76   95   38   53
  728   96   66   20   35   38   24   13
  729    4    5   24   92   94   59   59
  730   97   38   21   77    5   51    7
  731   25   31    5   57   16   76   11
  732   73   58   96   54   86    4   52
  733   79   77   96   57   53   40   53
  734   33   15   55   50   36   27   36
  735    3   60   52   52    0   92   86
  736    3   95   66   80   87   88   23
  737   24   59   18   29   54   76   14
  738   52   82   55   32   61   76   19
  739   56   26   25   88   22   32   79
  740   85   72   60   74   51   41   24
  741   82   60   46    7   88   73   15
  742   42   16   39   94   20   89   64
  743   45   32   41   72   39   58   76
  744   72   32    1   90   96   25   31
  745   71    8   86   20   14   20   25
  746    3   87   11   14   56   26   47
  747   56   89   26   46   98   79   58
  748   29   28   14   30   61   89   21
  749   74    8   62   28   50   50    8
  750   98   14   97   75   87   13   90
  751    5   16   55   73   11   47   86
  752   56   24   13   21   16   59   32
  753   81   29   83   31   68    7    1
  754   73   52   54   56   98   31   52
  755   58   27   57    6   24   68   17
  756   24   63   21   10   80   24   64
  757   60   22   40   87   37    5   25
  758    1    1   90   92   79    4   52
  759   97    1   30   43   25   86   90
  760   90   60   19   22   10   46   88
  761   25   97   24   32   54   71   37
  762    8    8   47   65   91   62   49
  763   68   66   68   20   91    2   11
  764    8   12   43   64    0   87    7
  765   64   32   81    1    0   76   66
  766   80   64   15   90   13   20   42
  767   38   45   96   76    8    8   17
  768   76   85    4   65   74   72   44
  769   42   36   15   10   18    2   59
  770   46   30   96   13   33    3   65
  771   53   69   62   35   25    4   21
  772   86   41   98   24   22   44   41
  773   44   94   25   76   51   74   72
  774   69   80   81   47   21   50   92
  775   88   18   14   32   56   83   44
  776   77   51   49   73   78   59   43
  777   91   91   92   22   66    7   35
  778   66   60   34    7   41   18   46
  779   25   44   64   22   39   22   94
  780    3   97    8   92    1   99   60
  781   73    8   65   80   92   38   91
  782    5   36   21   11    5   83   64
  783   23   80   56   86   39   84   10
  784   61   15   73   21   38   53   86
  785   66   25   53   11   24   98   45
  786   20   46   43   38   93   99   28
  787   35   99    6   57   29   35   79
  788   13   87   13   38   25   89   51
  789   22   91   22    5   94   77   67
  790   83   27   61   63   19   15   41
  791   85   52   12   34   10   42   43
  792   89   20   78   64    5   28   89
  793   25   12   85   21   63   62   85
  794   90   44   45   55    6   24   58
  795   79   64   25   85   94   59   47
  796   23   42   14   13   78   83   61
  797   39   75   11   62    9   71   43
  798   91   53   65   96    9   10   52
  799    8   21   73   76   97    0   12
  800   22    5   75   17   41   39   10
  801   43   79   26   88   62   59   36
  802    4   44    2    3   98   93   29
  803   97   17   34   60   39   69   33
  804   31   32   64   97    5   38   39
  805   20    5   35   83   94   93   32
  806   19   25   34   36   63   89   67
  807   19   14   26   20   56   12   38
  808   95   49   13   90   96   12   60
  809   79   20   14   89   22   40   47
  810   22   19    4   41    0   93   62
  811   84   46   16   43   93   80   38
  812   88   30   24   98   93   17   70
  813   97   61   91   50   61   51    5
  814   10   52   40   48   53   37   50
  815   54   11   51   52   28   24   44
  816   87   36   66   58   38   59   28
  817   29   85   21   78   46    4   98
  818   71   93   52    7    4   27   50
  819   70   59   41    2   60   48   93
  820   54   47   61   98   32   54   56
  821    5   35   74   78    4   89   78
  822   90   58    1    8   79   47   64
  823   41   86    6   78   29   31   18
  824   82   95   22   23   76   34   70
  825   96    5   61   52   45   17   40
  826   73   94   42   11   84    4   51
  827   37   15   14   38   71    6   61
  828   33   80   44   12    3   20   89
  829   91   23    7   97   57   75   11
  830   12   81   49   19   39   31   46
  831   44    5   50   34   59    3   23
  832    1   57   95   79   80   90   55
  833   95   30   23    0   45   67   38
  834   20   32   19   63    8   67   94
  835   59   43    3   50   16   30   22
  836   85   58   62   90   32   29   35
  837   87   29   41   27   74   66   56
  838   81   14   36   10   87   72   20
  839   66    7   41   13   10   31   69
  840   44   25   58    4    3   91   54
  841   92   69   83   56    3   45   59
  842   78   17   71   80   32   16   30
  843    6   66    2   83   68   82   91
  844   82   59   89   95   89   94   25
  845   56   78   90   49   60   46    3
  846   59    8   81   61   58    8   96
  847   54   59   87   66   10   27   38
  848   81   56   48   43   47   99   29
  849   26   69   67   42   55   43   79
  850   20    2   46   16   59   50   40
  851   37   44   24   50   34   22   39
  852   40   47   48   21   29   12   14
  853   73   90   16   99   73   62   22
  854   64   67   55   18   59   54   85
  855   60   58   65   62   47   67   39
  856   83    5   15   41   21   32   49
  857   71   70    3   74   42   33    2
  858   27   30   46   13   76   39    1
  859   77   22   45   16   82   42   32
  860   28   50   63   51    6   35   68
  861   23   70   63   39   78    2   91
  862    9   62   56   95   74   13   23
  863   41    9   19   23   30   97    1
  864   67   66   99   43    4   55   43
  865   39   22   56   75   11   74   19
  866    5    7   20   67   28   83   46
  867   45   26   30   66   46   82    0
  868   74   73   95   60   93   80   69
  869    7   95   99   95   34   98   67
  870   45   82   21    2   15   34   85
  871   17   19    3   72    0    4   66
  872    4   19   64   87   96   75   70
  873   27   58   45   13   73   30   46
  874    9   31   45   64   80   43   85
  875   87   44    7   19    1   40   10
  876   79   22    4    3   11   51   65
  877   94   27   42   62   38   48   40
  878   10   81   76   16   24    8   38
  879   98   78   42   49   11   37   28
  880   26   70   21   40   15   28   54
  881   58   45   95   53   58   27   16
  882   64   63   96   22   77   37   73
  883   36    4   89   48   51   60   96
  884   37   78   86   64   34    1    3
  885   67   73   50    2   52   86   63
  886   91   88   31   96   16   24   44
  887   77   17   12   90   17   37   13
  888   13   40   22   46   92   91   32
  889   79   67   55   93   18   72   25
  890   31   98   21   39    2   31   32
  891   80   22   45   21   87   88   69
  892   15   53   59   45   20   53   14
  893   43   59   13    4   98   40   64
  894   51    4   46   15   93   15   43
  895   23   63   67   83   41   96   21
  896   55   39    2   12   62   53    3
  897   98   20   96   40   50    3   48
  898   66   87   75   46   95   88   73
  899   36   71   75   72    0   14   27
  900   23   15   25   17    2   40   43
  901   61    7   88   74   89   69   77
  902   89   77   53   47    3   66   49
  903   36   37   73   18   31   68   63
  904   14   28    2   36   38   28   66
  905   91    1   68   16   51   51   68
  906   49   20   89   13   82   33   69
  907   45   24   42   64   49   42   11
  908   12   57   15   69   28   62   46
  909   85   32   38   65   37   64   48
  910   18   60    1   46   99   76   54
  911   53   57   13   29   17   94   65
  912   39   67   12   41   43   95   11
  913    5   35   89   24   22   37    7
  914   94   61   74   46   30   58   82
  915   45   41   54   11   41   62   98
  916   49   60   88   19   30   49   90
  917   56   82   93   83   46   39   99
  918   90   71   40   94   27   76   21
  919   96   44   80   76    5   10   22
  920   10   87   93   92   25    2   75
  921   28   78   67    2   85   32   31
  922   75   93   78   78   16   77   36
  923   80   27   24   63   49    7   28
  924   74   65   61   90   71   80   37
  925   73   96   34   18   90   74   67
  926    8    9   99    6   57   68    3
  927   23   52   76    8    6   67   25
  928    0   44   88   97   69   62   89
  929   16   74   12   55   81   40   70
  930    9   36   57   54   89   99   89
  931   52   65   23   75   86   20   85
  932   31   53   71   44   87    6   83
  933   22   62   58   83   37   70   36
  934   82   17   86   28   25   19   33
  935    8   56   75   32   73   58   90
  936   94   40   26   24    0   28   87
  937   95   67   74   28   57    0   92
  938   99   18   20   45   58   80   61
  939   36    3   17   16   12   84   96
  940   31   10   11   38   48   73    3
  941   59   87   92   72   57   22   45
  942   49   71   33   57   56   31   59
  943   76   75   21   49   72   53   71
  944    5   20   68   76   30   33   23
  945   69   90    4   74   71   17   99
  946   17   24   62   49   32   77    2
  947   98   65   60   82   38   58   25
  948   91   12   82   46   71   39   10
  949   13   19   49   52   32   38   25
  950   41   49   70   71   87   75   27
  951   50   22   80   48   47   76   30
  952   61   74   67   14   94   22   55
  953   13   82   43   25   61   51   46
  954   82   63    2   68    5   11   18
  955   94   91   74   22   64   39   50
  956   49   65   51   56   82   31   24
  957   86   77   61   71   56   44    6
  958   78   10   90   56    6   53   32
  959    1   97   44   71   32   71   89
  960   73   13   29   28   76   25   68
  961   26    5   73   67   62   37   12
  962   73   15   73   65   37    5   89
  963   44   40   36    0   40   52   76
  964   58   81   25   42    9   96   32
  965   45   83   12   40   99   60    5
  966   22   76   39   48   74   34   90
  967    5   64   78   79   20   57    6
  968   92   94   95   72   33   32   47
  969   75   71   88   81   76   15   49
  970   65   40   51   32   14   75   33
  971    6   15   56   37   71   18   13
  972    2   82   52   58   43   32   53
  973   45    4   72   96   55   41   64
  974   21   13   43   48    6   67    2
  975   36   88   53   96    0   47   27
  976   26    5   90   37   51   77   27
  977   55   81   76    1    8   85   99
  978   90   90    2   44   55   67   27
  979   90   84   32   16   83   62    7
  980   99   52   33   29    6    3   65
  981   25   45   94    2   15    7   17
  982   24   39   75   74   21   80   18
  983   73   18   90   95   22    2   25
  984   67   49    8   19   97   50   81
  985   44   59    4    0   45   27   72
  986   55   30   94   57    4   75   64
  987   85    2   84   42   16   69   28
  988   61   88    2    0    9   79   51
  989   61   46   34    1   37   17    4
  990   39   16   89   46   81    5   13
  991   79   40   31   61   47   32   22
  992   51   78   16   97   54   78   29
  993   29   17   67   98   29   46   98
  994   80   63   12   84   39   96   15
  995    5   80   25   85   36   86   46
  996   48   19   91   95   95   60   61
  997   79   84    5   39   82   51   55
  998   90   94    5   27   93    4   39
  999   79   38    0   58   86   67   44
 1000   55   70   16   46   57   53   56
 1001   32   89   27   69   48   20    6
 1002   19   28   43   69   79   89   33
 1003   57   33   27   56   60   30   27
 1004   35   86   11    3   94   53   10
 1005   47   78   60   48   60   14    7
 1006   67   26    8   74   35   65    9
 1007   71   33   14   56   50   64   72
 1008    1   46   80   35   51    2   97
 1009   70   25   58   78   64   87   10
 1010   95    5   51   19   65   49    1
 1011    0   11   70   93   41   59   64
 1012   61   12    2   55   35   38   54
 1013   17   48   93   12    2   76   46
 1014   90   63   95   49   29   10   36
 1015   15    1   75   20   58   25   81
 1016   22   76   59   90   57   18   23
 1017    9   18   85   78   24   74   71
 1018   55   44   49   86   48   24   34
 1019   46    1   86   47   59   12    3
 1020   42    3   32    0    2   28    7
 1021   76   73   72   91   39   96   65
 1022   25   94   86   15   77   34   30
 1023   99   72   38   59   63   27   80
 1024    5   21   30   28    7   99   19
 1025   16   28   53   48   50   70   93
 1026   16    9   25   97   20   21   66
 1027   13   40   55    7   20   19   26
 1028   71   52   55   74   12    6    7
 1029   12   55   69   72   67   21   91
 1030   32   10   83   20   30   50   15
 1031   82   73   36   77   18    8   91
 1032   25   98   16   82   82   71   56
 1033    7    4   96   56   88   86   74
 1034   81   10   94   74   60   87   89
 1035   44    0   96   98   55   44   29
 1036   28   46   52   23   64    5   32
 1037   38   83   35   46   22   34   30
 1038   23   82   44   11   62   28   40
 1039   54   65   20   99   68   50   41
 1040   27   80   18   75   76   85   95
 1041   45   32   85   66   67   57   82
 1042   26   37   80   98   88   64   31
 1043   44    6   59   45   56   13   63
 1044   72   91   24   27   88   54   21
 1045    8   50   37   65    2    0   16
 1046   59   93    0   71   50   44   78
 1047   65   80   25   37   53   55   47
 1048   23   62   31   23   59   13   63
 1049   50   53   49   49   99   92   80
 1050   92   56   47    8   37   40   83
 1051    1   20   27   75   22   27   72
 1052    3   12    0   22   87   12   60
 1053    8   65   67    8   96   44   69
 1054   29   77   40   57    8   79   37
 1055   14   74   97   23   58    4   14
 1056   18   58   27   61    9   89    4
 1057    2   30   35   32   14   49   83
 1058   37    1   30   36    3   57   16
 1059   94   96   69   22   78   85   16
 1060   95   83   77   45   52   59   42
 1061   38   78   73   54   22   42    3
 1062   72   27   32   64   16   35   46
 1063    5   34   14   54   33   42   86
 1064   65   97   37   28   53   69   90
 1065   72   63   29   20   23   17   28
 1066   34   86   49   14   25   59   42
 1067   99   81   11   37   94   42   61
 1068   47    1   27   23   94   19   92
 1069   89   91   82   64   78   24   43
 1070   43    3   72   68   26   48   72
 1071   94    9    1   82   91   41   20
 1072   29   51   64   65   20   99   38
 1073   94   73   54   70   45   17    5
 1074    7   27   86   17   97   60   20
 1075   56   30   11   22   24   94    5
 1076   18   21   13   91   24   36   34
 1077   88   25   13    2   51   10   22
 1078   40   31   61    9   58   33   81
 1079    8   68   23   73   36   18   60
 1080    7    3    2   91   98   24   76
 1081   72   15   34   94   42   69   55
 1082   54   22   76   17   34   86    1
 1083   49   55   59   53   38   62   39
 1084   16   81    7   10   75   19   37
 1085   79   94    4   49   47   39   89
 1086   27   84   56   27   17   82   60
 1087   99   89   97   17   84   25   39
 1088   20   41   53   76   66   70   55
 1089   90   75   60   34   42   66   61
 1090   99   62   37   70   16   26   63
 1091   13   17   38   43   15    9   71
 1092   72   20    7   22   50   38   55
 1093   47   61   92   91   41   45   40
 1094   38   91   55   52   71   88   58
 1095   49   28   70   39   86   22   47
 1096    0   36   57   25   15   85   93
 1097   50   72   33   16   62   65   68
 1098   59   49   28   54   10   82    1
 1099   74   45   10   71   20   23   75
 1100   23   56   98   60   25   28   71
 1101    9   11   22   94   49    9   41
 1102   39   99    5    9   98   92    8
 1103   63   47   43   80   70   14   26
 1104   14   29   86   41   97   26    3
 1105   82   82   44    0   44   92    8
 1106   37   52   31   33   31    8   35
 1107   86   34   26   73   91   43   33
 1108   76   63   91   93   61   39   86
 1109   23   56   87   90   66   82   38
 1110   72   99   38    2   78   51   41
 1111   10   71   35   15   37   11   80
 1112    7   60   59   24   69   15   38
 1113   78   20   16   62   70    4   31
 1114   55   27   83   14   83   74   84
 1115   14   50   63   80    2    8   71
 1116   27   90   38   92   98   43   29
 1117    5   52    9   25   47   49   36
 1118   30   84   83   86   87   88   16
 1119   85   14   32   43    1   30   27
 1120   61   92   83   28    6   19   60
 1121   57   81   45   89   17   73   54
 1122    8   73    4   25   15   12   12
 1123   87   65   36   34   72   67   29
 1124   65   86   28   33   22   65   73
 1125   39    2   14   63    7    0    5
 1126   25    6    2   25   33   68    3
 1127   18   13   55   69   60   63   22
 1128   92   17   33   96   12    5   12
 1129   60   14   79   62   84   66   90
 1130   95   13   93   29   54    5   22
 1131   13   72   50   30   47   74    8
 1132   80   36   88   72   45   28   80
 1133   21   65   78   44   55    5   66
 1134   41   37   60    7   15   17   13
 1135   44   26   42   45   14   73   17
 1136   44   50    7   20   50   95   47
 1137   28   72   44   70   78   53    2
 1138   52   25   11   53   25   46   89
 1139   28   71   79   57   76   50   69
 1140   53   32   42   66   33    9   20
 1141   86    3   25   25   17   34   31
 1142   99   63    5   74   24   61   54
 1143   17    1   28   67   91   92   60
 1144   38   57   47   20   67   17   51
 1145   22   75    8   72   54   62   15
 1146    5   36   40   94   57   68   30
 1147   34   24   88   46   48   98   99
 1148   98   11   20   27   68   54   28
 1149   92   35   17   66   97   42   22
 1150   62   66   39   64    0   72   58
 1151   23   26   72   22   36   33   30
 1152   94   56   86   18   86   10   57
 1153   73   71   21   96   52   54   68
 1154    4   81   10   26   36   21   66
 1155   28   17   43   31   61   89   61
 1156   87   47   23   14   34   93   94
 1157   70   75   66   36   78   27   84
 1158   74   66    4   95   13   42   11
 1159   34   18   61   37   76   41   61
 1160   38   92   71   73   98   61   44
 1161   87   85   99   58   57    4   88
 1162   24   86   28   44   57   59   21
 1163   49   76   67   99   57   73   85
 1164   81   85   52   25   60   63    4
 1165   62   76   50   47   66   34   76
 1166   92   32   93   22   44    4   73
 1167    3   88   92   84   64   45   22
 1168   46   89   88   84   65   50   56
 1169   33   88   23   20   99   89   30
 1170   23    8   43   89   84   44   57
 1171   76   28   35   76   24   63   72
 1172   36   39   94   31   60   20   81
 1173    6    9   28   51   30   47   93
 1174   63   86   87   61   73   10   78
 1175   88   16   11   37   69   87   28
 1176    8    8   59   82   20   49    0
 1177   90   32   72   37   45   40   98
 1178   12   67   44   54   26    0   51
 1179   64    3   26   71   56   13   28
 1180   63   11   12   59   60   98   81
 1181   36   50   73   49    1    5   57
 1182   62   48   63   50    2   92   49
 1183   70   24   64   76   68   36   19
 1184   99   82   11   83   37    3   99
 1185   30   28   12   47   65    2   56
 1186   67   29   65   67   71   60   55
 1187    2   12   71   91   26   76   39
 1188   70   78   64   29   91   62   54
 1189   13   46   65   97    4   32   95
 1190   83   16   27   89   74   90   67
 1191   84   95   79   95   39   19   24
 1192   87   97   25   44   90   74    6
 1193   73   61   21   19   79   95   86
 1194   83   50   48   99   57   90   97
 1195   20   65   58   75   12   16   51
 1196    6   73   75   92   92   40   75
 1197    1   89   29   11   65   65   62
 1198   57   63   68    1   63   28   78
 1199   90   28   94   69   85   18   98
 1200   33   45   21   76   28   38   19
 1201   28   73   11   59   99   99   56
 1202   67   65   83   38   65   94   13
 1203   95   93   89   33   76   22   25
 1204   76   64   22   31   59   46   94
 1205   51   20    0   12   13   14    6
 1206   24   93   36   77   52   48   28
 1207   53   86   99   53   25   31    3
 1208   48   60   39   77   46   70   32
 1209   13   65   64   16   28   78   98
 1210    2   96   38   34   52   21   24
 1211   17   95    4   73   83   27   79
 1212   21   76    9   14   22   24   76
 1213   67   41   48   53   47    3   67
 1214    5    4   86    6    7   59   60
 1215    0   95   48   54   30   75   57
 1216   15   26    4    8   19   36   34
 1217   17   81   31   83   98   24   18
 1218   40   16   33    2   71   36   87
 1219   26   29   11   62   31   44   33
 1220   61   38   35   16   51   78   18
 1221   56    6   99   14   61   63   56
 1222   36   38   53   25   35   45   19
 1223   83    1   73   81   98   91   99
 1224   93   14   14   28   27    4   27
 1225   42   89   24   45   43    3   87
 1226    2   80   36   37   46   23   93
 1227   24   18   83   44    3   68   23
 1228   49   43   98   54   99   62   63
 1229   89   13   29   81   49   78   70
 1230   63   12   37    8   76   40   34
 1231   63   79   93   62   91   91   14
 1232   63   66   66   38   98   24   24
 1233   50   69   10   32   27   10   71
 1234   95   24   68   88   94   28   91
 1235   28   34   23   19   70   13   46
 1236   94   51   78   90   65   54   64
 1237   28   37   36   24    4   11   30
 1238    7   74   18   89   55   75   88
 1239   88   78    7   98   76   23   31
 1240   74   75   17   21   34   41   62
 1241   93   72    6   95    1   74   22
 1242   71   80   58   74   11   75   54
 1243   15   78    2   56   18   67   60
 1244   46   68   82    7   11   32   47
 1245    1   50   88   37   15   57   34
 1246   62   19   36    9   17   42   88
 1247   42   19   11   75   51   80   95
 1248   10   89   48   75   14   60   23
 1249   96   14    8   81   49   78   21
 1250   90   73   87   60   71   92   20
 1251   76   81   11   79   70   97   40
 1252   38   85   69   54   67   20   87
 1253   11   34   23   24   19   97   92
 1254   65   60   89    2    4   40   97
 1255   71   92   87   64   40   60   57
 1256   83   55   68   65   73   41   64
 1257   39    2   16    4   28   76   49
 1258   60   78   99   20   95   44   77
 1259   82   92    3   82   11   42   68
 1260   46   70   65   20   26   90    0
 1261   31   94   46   34   40   58   62
 1262   64   34   56   71   46   82   92
 1263   36   17   36   78   89   52   54
 1264   14   90   92   56    6   29   85
 1265   44   36   35   23   42   20   27
 1266   74   73   76   50    2   61   74
 1267   22   15    3   22   65   56   19
 1268   12   30   43   92   92   18    3
 1269   18   93   36   73   47   93    9
 1270   70    3   37   34   89    5   53
 1271   26   70   64   73    5   16   52
 1272   72   22   65   89   48   30   98
 1273   62    8   70   82   81   39   56
 1274   55   10    4    6   38   94   71
 1275   78   18   99   25   63    3   50
 1276   23   99   41   84   49   42    9
 1277   31   96   84   49   11   43   68
 1278   68   66   57   14   73   94    6
 1279   39   80   58   94    9   75   85
 1280   72   62   20   23   34   84   68
 1281   25    0   33   60   28   22   43
 1282   83   77   85   95   42   54   62
 1283   32   40   78   90    5   21   23
 1284   54    8   18   59   54   72   45
 1285   61   89   94   44   26   48   54
 1286   29   90   95   24   27   96   78
 1287   30   56   74   21   99   31   28
 1288   52   80   98   48   28    8   42
 1289    4   62   41   51   18    7   91
 1290   75   40   55   26   19   12   45
 1291   37   48   35   84    9   95   10
 1292   24   52   95   87   69   34   21
 1293   85    1   38   95   38    7   90
 1294   30   48   23   69   58   28   15
 1295   55   99   57   61   49   87   54
 1296   86   10   61   45   81   98   87
 1297   88    0   74   69   81   70   97
 1298   23   84   21    9   95   52    4
 1299   80   27   82   60   91    7   57
 1300    8   62   12   90    2   68   80
 1301   21   48   48   37   98   15   14
 1302    1   89   75   45   38   69   95
 1303   81   94   60   82   85   28   84
 1304    6    8   83   51   62   26    2
 1305   64   31    4   36   27   72   82
 1306   31   83   39   61   94   20   47
 1307   27   12   44   29   35   63   22
 1308   12   34   15   81   10    3   12
 1309   35   82   66   50   19   24   93
 1310   32   10   65   42   26   98   35
 1311   39   15    5   97   16   91   32
 1312   23   14   90   42   62   60   81
 1313   89   62   35   11   49    1   46
 1314   95   79   77   46   69   15    2
 1315   39   85    1   98   26    4   92
 1316    8   83   45    3   76   74   19
 1317   22   18   16    2   22    0   71
 1318   24   80   41   46   74   29   52
 1319   24   60   46   40    1   41   98
 1320   89   26   92   63   75   97   27
 1321   63   21   11   65   40   24   17
 1322   12   42   41   72   53   93   56
 1323   75   10   31   20   69   59   54
 1324   74   28   82    5   79   58   40
 1325   82   53   41   76   86   86    9
 1326   62   48   38   22    5   43   53
 1327   95   11   89   95    2    8   54
 1328   33   71   25   50   99   88   61
 1329   42   27   73    7   59   35   56
 1330   26   52   69    9   35    1   23
 1331   37   56   47   39   23   97   88
 1332   98   10   94   35   14   51    0
 1333   43   18   28   38   44   82   99
 1334   35   47   60   17   56   24   52
 1335   12   98    2   49   36   72   40
 1336   50   19    2   29   11   88   66
 1337   62   85   71   21    1   58   16
 1338   37    6    8    7   67   58   42
 1339   25   53   46   28    2   71   80
 1340   37   18   68   17   26    8   30
 1341   10   26   29   75   88    0   73
 1342   53   39   19   99   35   48   36
 1343    1   86    9   19   26    9   60
 1344   60   94   27   90   11   80   63
 1345   69   56   81   60   35   49   69
 1346   32   59   27   38   48   34   49
 1347    0   76    4   36   40   80   93
 1348   36   60   37   58   64    6   67
 1349   39   92   21    5   79   69   22
 1350   13    6   91   45   38   78   33
 1351   70   27   57   41   27    1   38
 1352   24   76   34   67   50   29   14
 1353   50   15   59   12   32    0   69
 1354   22   53   47   69   64   17   86
 1355   72   39   89    9   14   92   45
 1356   53   13   18   88   82   22   41
 1357   76   55   93   50   63   81    1
 1358   26   54   94   30   95   74   62
 1359   87   61   98   28   60    6   82
 1360   11   85   56   77   61   82   82
 1361   27   14   48   45   93   41   90
 1362   80   65   76   56   62   61   32
 1363   65   60   79   41   76   84   61
 1364   43   37   42   37   33   30    5
 1365   96   25   36   12   55   17   93
 1366    6   92   66   83   82    7   46
 1367   93   34   15   54   97   27   62
 1368   54    1   20   88   78   17   14
 1369   72    2   19   80   42   92   71
 1370   24   19   86   12   86   39   68
 1371   28   24   99   76   33   11   26
 1372   94   29   33    5   26   47   63
 1373   33   17   74    4   36   91   51
 1374   83   17   19   13   95   48   38
 1375   38   71   11   90   71   25    5
 1376   19   63   40   32   17    3   18
 1377   26   78   96   45   56   23   56
 1378   93   15   74   91   18   68   17
 1379   87   51   20   60   81    3   40
 1380   31   69   53   66   56   91   93
 1381   97   74   73   19   63   86   37
 1382   89   81    5   14   66   68   86
 1383   32   41    7   25    2   73   56
 1384   93   38   51   82   32   34   42
 1385   47   78   18   35   36   93    7
 1386   99   73   76   89   82   71    9
 1387   63   43   82   22   83   51   42
 1388    9   68   41   32   24   41   97
 1389   14   75    2   36    9   92   35
 1390   22   67   84   15   93   62   30
 1391   63   80   41   36   62   31   64
 1392   60   74   94   42   86   32   93
 1393   23   17   23   56   45   13   33
 1394   55    3   52   48   25   83   79
 1395   99   88   38   31   35   39   86
 1396   79   24   12   45   98   98   98
 1397   25   67   45    9   66   61    8
 1398    8   70   23   28   88   98   20
 1399   28   71   54   90   32   13   89
 1400   21   57   59   38   95   50   39
 1401   14   28   71   34   72   35   51
 1402   28   50   51   29   72   28   88
 1403   74   15   21   45   81   16   55
 1404   94   56   72   87   93   81   70
 1405   46   95   83   76   82   33   15
 1406   94   59   39   99   79   35   81
 1407   73   88    7    0   17   45   35
 1408   69   47   46    9   44   11   89
 1409   16    2   19   29   87   56   93
 1410   47   63    2   70    8   28   19
 1411   84   50   92   77   46   38   52
 1412   86   54   87   34   64   27   88
 1413   67    3   90   83   22    7   18
 1414   51   91   70   87   18   83   75
 1415   34   69   67   53   11   66   66
 1416   44   64   80   19   66   59   42
 1417   61   84   30   69   11    6    7
 1418   68   98   28   69   58    1    6
 1419   38    5   18   16   19   98   26
 1420   29   83   10   70   43   73   21
 1421   35   29   21   22   62   51   43
 1422   74   69   44    7   77   80   42
 1423   34   59   56   99   45    1   50
 1424    6   39   25   56   44   17   52
 1425   97   92   92   98   99   40   19
 1426   92   52   59   34   53   77   75
 1427   88    9   81   90    2   51   91
 1428   73   18   35   52   62   22   97
 1429   67   25   82   17   67   92   75
 1430    0   95   66   18   39   16    8
 1431   76   37   46   60   56    9   41
 1432   19   69   48   77   78   82   51
 1433    0   81   45   14   21   80   62
 1434   67   84   76    9    3   39   31
 1435   87   65   28   61   89   84   65
 1436   21   97   62    4   45   42   31
 1437   69   59   10   13    4   12   93
 1438   86   42   68   48   16   35   89
 1439   28   39   49   96   45    3   99
 1440   25   21   51   25   26   84   18
 1441   26   39   68   29   93   43   85
 1442   35   70   48   50   18   51   96
 1443   50   64    0   84   58   83   37
 1444   63   33   63   51   60   44   92
 1445   70    4    0   45   99   44   91
 1446   18   52   62   80   39   83   47
 1447    7   16   34   45   36   63   97
 1448   51   81   69   25    2    8   99
 1449   12   10   76   77   74   75   90
 1450   98    6   10   31   48   52   90
 1451   65   35   19   78   96   25   26
 1452   15   99   98   44   68   29   29
 1453   96    6   62    2   35   60   30
 1454   37   37   12   39   23   98   60
 1455   87    2   65   10   42   23   75
 1456   88   54   83   24    0   42    7
 1457   51   74    1   62   55   73   71
 1458   18   53   17   89   40   12   27
 1459   73   80    0   77   69   65    7
 1460    6    3   30   31   98   11    9
 1461   25   82   95    7   37   73    8
 1462   16   30    4   63   89   42   20
 1463    5   82   56   81   87   88   34
 1464   18   51   30   45   82   10   59
 1465   38   22   95    9   89   59   55
 1466   67   70   60   35   13   86   37
 1467   14   25   25   70   18   12    4
 1468   19   93    8   79   50   55   27
 1469   27   98    7   73   20   12   73
 1470    8   26   88   45   85   33   68
 1471   36   79   69    0   66   97   90
 1472   88   11   73   69   29    1   33
 1473   44   18   49   75   42   43   50
 1474    2   15   28    9   14   10   61
 1475   10    8   11   47   53   16   78
 1476   87   78   48   37   98   78   82
 1477   68   31   18   19   73   29   82
 1478   55   96   21   66   70   30   33
 1479   54   98   14    1   26   64   13
 1480   67   55   89   56   67   92   47
 1481   52   29   27   17   73   82   75
 1482   33   73   69   36   19   24   69
 1483   35   52   28   11   53    3   73
 1484   85   43   24   10   38    9   42
 1485   10    9   29   47    5   57    0
 1486   44   81   16   79   23   69   37
 1487    9   14   17    3   98   56   39
 1488   12   81   78   77   92   45   91
 1489   99   66   68   38   56   37    9
 1490   85   66   50   22   60   22    1
 1491   91   23   78   13   16   32   80
 1492   76   93   26   89   24    9   37
 1493   73   76   43   10   94   25   92
 1494   20   83   10   99   96   58   62
 1495   77   66   77   25   24   74   18
 1496   44   20   94   14   78    9   74
 1497   65   63   83   42   14   64   86
 1498    6   45   63   87    9   54   26
 1499   82   60   28   30    6   64   32
 1500    9   75   75   30   57   89   47
 1501   20   46   69   37   97   99   41
 1502   14   15   77    4   45   77   23
 1503   77   11   21   48   50   63   41
 1504   13   26   75   52   39   70   56
 1505   36   98   73   92   36   10   42
 1506   54   66   93   46   62   40   81
 1507   68   20   52   94   89   61   66
 1508   64   29    0    6   47   85   88
 1509   81   26   48   77   15   96   10
 1510   39   85   58   70   75   43   75
 1511   48   47   19   56   81   66   67
 1512   90   80   87   75   58   20   84
 1513   17   25   31   31   68   94   57
 1514   56    8   51   56   82   63   25
 1515   32   91   44   32   69   62   82
 1516   95   93   93   62   51   69    2
 1517   31   22   73   94   33    8   15
 1518   64   15   88   82   12   42   46
 1519   39    3   42   13   22   85   17
 1520   28   15   42   23   30   39   51
 1521   67   66   11   14   29   81   79
 1522   43   69   54    7    5   55   11
 1523   99   45   89   88   39    0    3
 1524   33   59   21   49   55   12   98
 1525   88   74    5   14   65   23   89
 1526   70   25   44   94   69   20   76
 1527   53   74   50   82   49   32   41
 1528   69   95   37   93   67   21   42
 1529    4   94   67   75   87   99   12
 1530   94   82   89   28   21   99   90
 1531   82   53    7   25   43   61   17
 1532   24   41   54   12   55   28   21
 1533    1   64    2    4   79   18   53
 1534   37   30   31   37   75    4   11
 1535   39   10   56   68   85   65   50
 1536   97   12   30   76   70   78   42
 1537   70    2    7    9   74   54   91
 1538   31   92    3   23   73   92   72
 1539   48   81   16   35   87   88   39
 1540   24   21   28   66   64   62   31
 1541   28    6    9   54   86   90   16
 1542   33   39   90   88   96   89   80
 1543   42   34    2   51   70   55   72
 1544   65   83   53   74   60    2   16
 1545   87   32   13   54   56   20    5
 1546   74   17   87   70   49   64   15
 1547   30   25   76    1   50   89   50
 1548   93   71   75   80   36   99   17
 1549   41    9   80   67   13   22   72
 1550   94   45    0   63   34    2   43
 1551   38   20   39   55   52   30   87
 1552   34   49   10   30   20   81   91
 1553   23   11   15   93   66   42   18
 1554   29   78   79   38   51   37   32
 1555   29   66    1   96   99   15   81
 1556   31   69   63   57   84   12   81
 1557    0   72   27   86   94   14   81
 1558   13   41   92   85   27   51    3
 1559   18   51    3   46   53   76   35
 1560   15   23   38   67    6   83   97
 1561   43   36   21   31   70   54   99
 1562   63   68   75   12   67   68   15
 1563   78   59   55    7   83   92   46
 1564   67   63   42   78   60   76   79
 1565   89   45   20   30   49   25   27
 1566   92   16   12   41   56   88    8
 1567    7   64   24   63   62    8   16
 1568   96   36   11   22    9   69   39
 1569   48   76   49   93   37   14   83
 1570   18   90   30   36   84   14   25
 1571   60   68   83   14   88   29   60
 1572   93   49   90   37   80   13   88
 1573   95   76   88   87   43    0   11
 1574    1    2   92   36   30   77   96
 1575   19   24    7   35   70   32    8
 1576    2   68   13   20   90   85   22
 1577   88    1    7   60    9    6   96
 1578   30   93    2   93   19   12   12
 1579   15   28   26   77   52   59   91
 1580   90   54   99   10   45   44   34
 1581   77   28   76   13   36   90   13
 1582   72   87   25    5   28   34   51
 1583   90    9   85   30   58   71   88
 1584    5   71   23   24   16   53   48
 1585   18   52   16   42   14   42   31
 1586   81   88   53    8   45   61   36
 1587   65   87   17   97   89   57   10
 1588   14   61   49   17   86   65   23
 1589   71   20   83   24   61   71   26
 1590   11    5   38   34   99   61   77
 1591   42   75   16   27   90    9   33
 1592   91   28   77   56   63   68   37
 1593   47   18   79   48   59    5   69
 1594   99    4   15   26   50   46   19
 1595   37   65   83   59   68   51   70
 1596    8   10   59   65   21   74   34
 1597    3   47   71   74    5   38   58
 1598    0   70   26   14   62   19   10
 1599   72   45   88   39   81   87   15
 1600   66   86    4   71   69   47   72
 1601   70   73   27    1   95   74   49
 1602   71   44   90    2   57   50   57
 1603   86   25   73   77   41   26   15
 1604   81   45    9   93   17   19   77
 1605   23   68   17   76   79   23   49
 1606   36   24   81   19   40    3   19
 1607   56   51   50   91   31   64   44
 1608   25   72   52   31   65   11   50
 1609    5   90   11   21   38   39   59
 1610   36   28   48   23   82   38   51
 1611   29   49   94   92   20   82   84
 1612   62   15   81   62   82   33   32
 1613   82   74   63   76   87   52   50
 1614   17    8   27   81   35    7   66
 1615   27   95   69   55   55    6    6
 1616   42   81   48   23   94   87   90
 1617   74   46   15   59    0    6    6
 1618   86   42   19   17   21    7   53
 1619   42   70   43   97   42   98   91
 1620   15   42   60   44   39   82    6
 1621    1   71   65   25   38   59   48
 1622   80   72   59   13   37   91   36
 1623   58   36   15   91   54   76    1
 1624   54   85   58    0    2   57   36
 1625   87   81    1   55   57   39   58
 1626   84   31    8   46   81   32   28
 1627   93   84   42   88   88    9   69
 1628   87    1   77   11   55   56   86
 1629   22   48   76   86   73   18   64
 1630   43   95   25   95   87    0   51
 1631   68    8   80   41   88   48   90
 1632   25    6   49   40   87    2   58
 1633   24   62   23   70   45   86   87
 1634   73    8   95   84    5   74   86
 1635   98   60   20   69   18    0   29
 1636    7   92   10   35   27   51   78
 1637   27    2   79   67   87   44   29
 1638   21   73   20   28   76   98   19
 1639   19   17   19   82   66   52   87
 1640   41   55   61   70   98    0   29
 1641   32   80   71   99   89   92   60
 1642   38   50   64   13   53    8   18
 1643   41   19   14   57   57   81   59
 1644   75   90   69   35   45   43   44
 1645   69   52   74   84   63   87   23
 1646   92   91   74   10   40   91   97
 1647   76   89   57   23   57   29   73
 1648   57   30   36   88   49   95   37
 1649   75   84   12   69   83    4   41
 1650   43   30   98   99   36   80   61
 1651   79   51   70   61   52   82   65
 1652   97    4   12   46   86   49   88
 1653   56   58    0   88   61   35   51
 1654   62    5   37   11   56   83   69
 1655   68   56   85   19   79   60    9
 1656   89   17   71   67   89   38   66
 1657   96    6   65   73   80    3    9
 1658   72   83   30   29   21   34   64
 1659   26   72   63   40   59   93   45
 1660   56   85   87   93    9   16   61
 1661   72   26    3    4   35   67   54
 1662   38   79   24   27   92   78   51
 1663   35    4   68   29   28   84   74
 1664   50   49    1   53   27   64   35
 1665   98   63   22   19   72   28   13
 1666   14   11   26   29   47   42   27
 1667   97   71   76   58   44   48   21
 1668   37   56   95   84   60   96   66
 1669   37   73   27   67   48   45   13
 1670    7   67   51   59   39   12   90
 1671   77   22    9   30   64   32   63
 1672   42   12    2   72   12   62   14
 1673   39   16   80   57   56   82    0
 1674   98   89   60   76   31   27   51
 1675   45   82    9   88   18   95   91
 1676   33   65   16   71   99   89    0
 1677   27   68   63   70   19   30   82
 1678   92   28   70   34   25   94   19
 1679   37   22   70   81   42   35    7
 1680   67   92   94    1   24   42   16
 1681   95   30   69   43   18   20    7
 1682   58    5   86   80   37   79   97
 1683   26   76   89   46   20   35   71
 1684   99   74   37   35    6   69   53
 1685   20   92   84   37   34   67   48
 1686   22   19   11   69    7   74   73
 1687   73   26   17   97   69   83   12
 1688   21   20   77   91   19   22   55
 1689   53   67   90   45   85   81   88
 1690   85   56   28   22   50   92   64
 1691   74   72   28   41   28    9   35
 1692   41   37   81   84   40   14   62
 1693   35   70   64   87   87   61   19
 1694   37   97   61   50   81   88   87
 1695    5   33   54   63   37   50   33
 1696   86   58   20   30   22   78   32
 1697   18    6   86   84   30   91   24
 1698   93   90   44   38   80   67   24
 1699   78   93   34   78   67   59   74
 1700   57   40   30   98   52   13   77
 1701   63   63   44   76   44   42   84
 1702   26   38   49   63   52   24   34
 1703   51   15   71   11   33    1   13
 1704   22    4    8   86   89   23   53
 1705   65   71   14    1   23   58   43
 1706    6   62   27    1   80   81   75
 1707   80   44   70   61   27    3   40
 1708   56   89   82   28   73   31   98
 1709   38   47    5   10   39   11   89
 1710   61   38   25   18   62   24   63
 1711   78    4   99   36   50   50   63
 1712   30   54   91   74   60   30   25
 1713   53    0   97   48   61   48   30
 1714   59   27   64   59   48   88   97
 1715   42   63   31   59   32   99   34
 1716   25   81   90   54   22   30   88
 1717   78   87   54   64   52   84   29
 1718   66   57   40   39   66   16   52
 1719   27   71   68   27   52   51   68
 1720   49   17   10   32   75   94   70
 1721   88    8   72   79   25   92   20
 1722   42   16   45   98   67   25   27
 1723   62   77   66   60    7   74   53
 1724   30   94   65   51   29   96   56
 1725   80    3   34   71   21   99   50
 1726   58   44   62   10   96   33   94
 1727   13    9    2   32   42    7   33
 1728   89   70   87    3   36    7   45
 1729   12   16   51   78   56   76    2
 1730   50   49   10   55   84   32   93
 1731   17   72   76    6   37   63   30
 1732   64   76   62   20   44   18   97
 1733   87   82   17   52   95   44   12
 1734   22   15    5   11   70   70   59
 1735   77   68   92   88   60   59   20
 1736   23   29   99   51   35   92   78
 1737   41   36   83   40   32   16   69
 1738   17   89   70   10   36   92   54
 1739   74   59   67   86   20   78   96
 1740   77   21   53   81   80   13    2
 1741   29   78   36   93   26   18   51
 1742   27    1   37   78   21   80   19
 1743   58    2   37   90    5   86   20
 1744   95   39   78   71   66   15   39
 1745   84   54   68   12   88    8    1
 1746   35   37   38   10   86   90   52
 1747    2   86   28   42   57   85   70
 1748   46   58   72   37   25   97   80
 1749   14   12   73   10   51   43   47
 1750   90   86   97   65   48   19   28
 1751   22   36   55   65   49    6   73
 1752    6   23   14   59   10   80   14
 1753   17   49   56   34   27   15   58
 1754   99   21   65   18    6    7   81
 1755   66   26   71    1   23   83   61
 1756   83    0   94   61   10   43   81
 1757   32   46   99   47   31   84   84
 1758   32   82   49    7   41   85   81
 1759   34   57   78   86   98   86   40
 1760   94   50   41   58   53   60   56
 1761   97   20   57   69    2   33   28
 1762   21   35   45   93   45    7    1
 1763   91   63   57   53   21    2   15
 1764   86   26   64   46   17   81   76
 1765   80   25   39   91   24   34   58
 1766    6   32   31   98    8    2   11
 1767    0   79   98   52    5   91   60
 1768   13   99   32   94   76   38   24
 1769   30   39   16   81   71   32   49
 1770   12   28   70   27   43    6   76
 1771   19   30   80   17   13   61   60
 1772   68   86   91   48   68   23   56
 1773   38   83   10   11   23   93   74
 1774   69   35    5   33    3   62   78
 1775   84   53   44   90   59   19   83
 1776   78   41   46   66   26   48   29
 1777   40   22   48   20   44   91    5
 1778   13   44   12   14   95   11    4
 1779   18   84    3   82   71   62   28
 1780   31   56   92   92   32   31   52
 1781   44   61   47   58   89   33   26
 1782   43   20   93   92   55   23   81
 1783   86    4   73   83   87   19   28
 1784   41   52    0   61   51   46   61
 1785   96    8   29   17   96   41   70
 1786   30   72   83   19   84   57   75
 1787   92   19   47   22    3    0   55
 1788   71   85   32   20   36   48   78
 1789   47   95   26   64   48   25   65
 1790   84   26   60   52   33    8   81
 1791   45   33   26   17   48   84   32
 1792    2   42   42    2   85   45   65
 1793   93   85   90   90   99   10   34
 1794   17   52    4   67   11   12   65
 1795   11   51   96   90   41   21   89
 1796   23   18   98   20   64   63   68
 1797   42   64   38   43   46   83   95
 1798   43   68   94   56   95   69   21
 1799   93    1   86    2   16   55   79
 1800   77   59   66   50   75    2   69
 1801    1   81   62   37   92   28   50
 1802   81   42   63   78    8    2   57
 1803   64   40   55   72   93   64   52
 1804   90   71    9   42   86   81   37
 1805   21    9   80   80   60   45   43
 1806    6   77   69   87    6   11   84
 1807   76   95   25   15   65   93   17
 1808   68   99   99   20   16   37   13
 1809   18   46   64   38   14   26   86
 1810   38   51   68   16   19   83   51
 1811   94    4   81   46    5   59   44
 1812    7   95   42    2   57   32    4
 1813   71   61   62   59   38   90    2
 1814   31   65   11    4   39   89   16
 1815   21   34   32   57   17   96   23
 1816   30   38   27   81   34   16   11
 1817    3   63   36    7   43   44   53
 1818   22   90    7   25   70   72   99
 1819   87   59   78   69   76   67   82
 1820   40   70   40   40   54   13   48
 1821   30   28   57   62   93   64   47
 1822   29   45    1   61   72   11   22
 1823   11   69   68   42    4   77   52
 1824   97   52   62   52   12   44   49
 1825   61   73   62   74   36   41   69
 1826   25   87   79   71   64   93   75
 1827   95    6    8   94   32   91   12
 1828   22    7   14   51   75   69   91
 1829   71   56   27   46   76   81   62
 1830   57    3   66    6   53   26   91
 1831   98   88   75   44   64   15   91
 1832   39   19   64   12   75   30    1
 1833   19    7   22   69   55   59   63
 1834   37   84   56   19   84   26   73
 1835   36    6   85   94   40   96   34
 1836   69   37   68   43   88   53   18
 1837   64   48    9   77   22   89   30
 1838    8    7   69   22    8   74   23
 1839   71   22   45   77   73   52    7
 1840   56   89   56   87   61   38   26
 1841   10   55   86   53   22   76   24
 1842    0   96   89    4   81   40   89
 1843    6   52   29   38   20    0   29
 1844   35   34    4   66   20    5   96
 1845   58   87   53   77   19   45   81
 1846   29   96   86   75   95   22   55
 1847   54   22   29   79   73   18   53
 1848    9   83   11   80   53   22   66
 1849   47   21   25   13   41   86   76
 1850   97   14   75   81   77   63   28
 1851   71   22   19   45    6   47   84
 1852   94   92   82   22   25   73   38
 1853   66   36   35   24   61   32    1
 1854    3   88   20   68   40   23   24
 1855   98   44   21   27   57   66   69
 1856   86   54   99   54   46   15   52
 1857   68   28    6    7   76   50   99
 1858   44   72   29   62   24   25   47
 1859   49   46   55   17   32   56   49
 1860   61   53   57   62   55   30   21
 1861   49   87   83   87   74   95   30
 1862   64    5   13   24    5   64   92
 1863   97   76   84   16   12   82    4
 1864   14   17    5    3   70   31   14
 1865   70   89    7   50   90   21   49
 1866   49   11   56   78   78   53   15
 1867   88   57   19   21   65   14   69
 1868   93   59   99    3   46   80   69
 1869   39   79    3   10   41   13   20
 1870   38   85   37   33   78   86   29
 1871   47   71   64   58   47   96   34
 1872   81   38   76   42    6   70   24
 1873   78   62   42   48   53   56   50
 1874   68   23    0   14    3   31   72
 1875   97   89   20   85    9   63   79
 1876   20   64   77   46   74   55   49
 1877   38   21   90   68   46    2   30
 1878   33   50   90   58   80   12   50
 1879   18   92   33   94   46   98   54
 1880   36   33   59   17   49   70   37
 1881   99   27   11   44    0   37   42
 1882   63   29    3   20   90   39   92
 1883   96   45   21    3   46   86   62
 1884   12   55   70   75   50   45   45
 1885   80   81   44   56   27   22   67
 1886   12   43    9   67   27   93   21
 1887    7   80   52   30    9   41   80
 1888   65   17   14   24   15   24   95
 1889   70   86    4   15   89   77   25
 1890   35   61   31   88   74   40   96
 1891   89   47   15   86   92   97   85
 1892   78   36   20   55   68    5    4
 1893   65   27   48   87    5   60   10
 1894   30   37   94   41    1   65   91
 1895    0   83   39   35    3   93   75
 1896   73    7   35   72   98   59   19
 1897   99   51   13   51   90   97   25
 1898    7   26   32   35   86   70   74
 1899   69   42   95   96   83    0   93
 1900   39   90   54   70    6   49   72
 1901   74   40   71   10   18   70   71
 1902   15   19    5   79   12   91   22
 1903   70   27   95   59   18   55   86
 1904   18   73   14   31   16   56    1
 1905   53   82   53   94    1   77   73
 1906   66   75   26   59   43   60    1
 1907   12   32   18   44   16   61   10
 1908   39   35   35   57   54    6   67
 1909   38   22   95   72    5   25   82
 1910   26   55   52   92   51    6   24
 1911   58   12    7   63   85   68   68
 1912   73   78   24   61   11   41   73
 1913   48   90   75   13   75   28   79
 1914   86   18   58   44    3   96   66
 1915   31   44   71   57   18    3   67
 1916   84   11   14   47   32    3   49
 1917   24   73   85   93   81   99   15
 1918    9   10   23   74   76   15    7
 1919   37   58   41   71   34   76   23
 1920   10   64   97   12   78   90   10
 1921   31    6   30   70   11   43   31
 1922    2   41   61   20   15   84   36
 1923   76   56   92   26   12   36   79
 1924    8   84    1    8   93   15   93
 1925   50   22   57   14   24   79   72
 1926   53   99   97   63   75   89    8
 1927   70   34   98   79   78    5   80
 1928   45   70   35   17   57   25   90
 1929   84    1   31   60   28   10   59
 1930    3   33   98   19   46   89   39
 1931   18   57   93   90    0   65   27
 1932   25   55   76   37   50   73   72
 1933   47   17    3   48   69   90   92
 1934    3   56   43   55   94   73   64
 1935   70   56   89   90   48   98   90
 1936   74   83   93   55    4   84   41
 1937   66   84   94   69   40   10   43
 1938   54   15   91   90   62   58   35
 1939   47   99   93   40   87   51   16
 1940    3   95    3   69   62   39   94
 1941   38   25   78   42   52   67   79
 1942   74   68    8   36   37    3   37
 1943   59   30   46   52   28   92   32
 1944   94   73   90   29    9    8   16
 1945   83   34   75   67   93   24   54
 1946   87   33   55   40   95   42   90
 1947   68   59   63   25   19    4   20
 1948   70   58   16   95   62   79   73
 1949   87   80   69   26   79   20   43
 1950   97   11   40   18   58   82    9
 1951   75   68   88   21   59   41   26
 1952   91   51   54   95   62   69    0
 1953   59   32   32   21   29   23   54
 1954   97   62   94   28   37   92    6
 1955   83   48   34    0    5   47   35
 1956   52   35    3   92   26   95   16
 1957   48    4   92   15   97   64   93
 1958   74   78   94   15   21   77   92
 1959   57   15   10   77    9   21   16
 1960   35   48   18   37   54   27   32
 1961   28   99   76   18   97   18    2
 1962   44   34   23   33   25   79   39
 1963   89    2   19   59   37   69    1
 1964   79   59    2   20    3    5   41
 1965   13   68   86   75   90   22   47
 1966   24   97   23    3   82   25   44
 1967   40   64   48   66   30   61   67
 1968   18   15    6   72   74    1   89
 1969   91   58   83   10   24   88   33
 1970   57   70   28   70    6   68   29
 1971   25   61   60   22   47   63   57
 1972   29   66   63   44   63   64   87
 1973   43   69    9   87   43   15   31
 1974   48   56   60   26   26   69   77
 1975    8   38   44   40   51   99   87
 1976   24   89   77   41   50   85   79
 1977    2   81   95   31    5   27   13
 1978   70   99   75   14   22   48   17
 1979   57   18   93   93   53   20   48
 1980   94   70   76   71   25   81   66
 1981   27   59   39   61   32   94   91
 1982   54   13   24   55   71   59   81
 1983    0   77   30   26   73   52   74
 1984   15   71   23   93   22   52   29
 1985   68   78   25   55   92   59   80
 1986   49   95   31   71   24   95   18
 1987   85   91   87   90   80    9   96
 1988   74   19   48   19   86   79   60
 1989    5   32   53   82   30   95   37
 1990    6   44   19   15    3   85   23
 1991   73   49   89   44   69   37   30
 1992   74    9   48   96   67   11   70
 1993   81   53   39   82   78   20   37
 1994   90   35   65    2   22   27   90
 1995   93   57   13   19   68   79    8
 1996   44   33   82   58   48   75   78
 1997   51   61   32   94   53    4   89
 1998   99   40    7   30   18   35   90
 1999   58   77   56   47    9    2   14
 2000   33   92   46   26    7   24   55
 2001   29   18   88   74    6   17   49
 2002   98   98   23   81   28   64   96
 2003   98   36   42   50   95   65   68
 2004   55   38   87   85   17   12   19
 2005   93   46    0   50   80   59    2
 2006   68   90   78   59   87   88   75
 2007   66   64   85   60   47   46   22
 2008   92   88   77    9   61   96   54
 2009   43   48    8   91   69   96   46
 2010   65   42   17   53   38   14   73
 2011   64   30   78    8   82   72   54
 2012   50   48   31   32   39   51    7
 2013   35    9   16   92    7   55   86
 2014   82   88   36   10   61   83   30
 2015   28   25   89   47   61   30    5
 2016   89   87   13   11   33   94   29
 2017   67   34   18   77   48   85   65
 2018   18   11   58   14   81   47   33
 2019   71   52   71   85   58   70   71
 2020   16   65   18    9   62   99   90
 2021   87   49   69   33   40    0   47
 2022   91   51   79   68   79   39   42
 2023   83   95   17   23   22   16   67
 2024   88   34   83   28   44   54   68
 2025   81   25   76   14   29    0   59
 2026   12   89   30   48    9   24   79
 2027   71   89   79   49   90   41   82
 2028    1   94   28   38   72   50   28
 2029   35   48   38   45   30   44   11
 2030    9   47   57   68   65   97   98
 2031   40   54   41   88   26   81   13
 2032   99   55   51   99   48   83   28
 2033    2   14   71   41   92   26   58
 2034   69   88   79   58   22   94   97
 2035   80   94   55    2   30   37   92
 2036   65   91   84   26   32   52    5
 2037   90   75   24    3   88   94   23
 2038   71   69   13    3   10   24   44
 2039   77   81   61   61   28    1   32
 2040   20   19   10   43   89   71   38
 2041   37   82   73   92   49    2   77
 2042    3   33   66   12   42   74   59
 2043   56    4   98   90   11   57    7
 2044   43    0   15   82    7   30   40
 2045   17   55   71   13   61   69   11
 2046   91   85   49   39   72   91   60
 2047   66   44   47   31   65   99   27
 2048   11   84   65    5   97   64   38
 2049   73    1   62   20    1   88   82
 2050   75   93   18   74   81   80   63
 2051   86   16   81    8    4   49   80
 2052   45   40   22   85   74   21   83
 2053   19   75   19   25   39   67   75
 2054   86   76   83   86   60   17    4
 2055   20   78   80   65   36   86   45
 2056   98   23   50   58   20   70   69
 2057   27   80    2    0    5   84   74
 2058   76   58   56   86   79   75   74
 2059   92   82   43   23   17   86    6
 2060   21   37   90   48   44   23   25
 2061   30   53   71   30   30   45   32
 2062   86   34   75   46   68   53   97
 2063    9   13   63   26   90   63   62
 2064   87   31   89   93   41   84   33
 2065   83   90   41   30    5   29   56
 2066   23   72    4   39   88   44   48
 2067   91   97   27    7    1   88   44
 2068   49   38   88   35   40   36   54
 2069   49    3   55   74   20   37   26
 2070   11   64   45   28   70   23   48
 2071    2   52   12   94   52   58    8
 2072   32   47    6   91   41   68   88
 2073   97    7   49   66   48   99   79
 2074   17   69   91   26   45   12   65
 2075    5   87   70   78   92   68   59
 2076   50   39   42   34    9   62   34
 2077    5   54   18   42    0   60   93
 2078   90   38    7   21   20   69   43
 2079    6    4   41    2   61    0   64
 2080   86   54   44   72   86   27   59
 2081   52   55   25   75   94   86   91
 2082   10   62   15   82   49   81   92
 2083   99   34    8   65   92   48   26
 2084   19    0   91   92   67   99   98
 2085   52   15   86   91   48   80   26
 2086   72   81   96   39   89   60   53
 2087   31   37   13   25   20   64   59
 2088   38   40   35   45   59   48   66
 2089   71   47   32   83   95   30   29
 2090   60   99   26   55   34   32   50
 2091   68   91   36   58   94   51   37
 2092   35   51   53   47    6   22   65
 2093   21   97   75   47   74   40   96
 2094   30   86   61   94   37   53   29
 2095    0   94   19   80   75   51   31
 2096   96   26   52   29   75   98    0
 2097   43   47   49   45   89   25   41
 2098   89   77   33   50   22   28   64
 2099   39   55   30   10   79   78   93
 2100   83    2   57   44    2   63   43
 2101   81   29   30   90   75   75   11
 2102   75   96   47   67   25   27   90
 2103   66   89   91   27   75   69   53
 2104   85   97   16   97   33   20    4
 2105   21    2   41   84   60   26   12
 2106   62   72   69   46   68   14   16
 2107   28   34   40   88   51   28   86
 2108    9   12   22   99    6   21   62
 2109   95   24   37   76   58   61   28
 2110   23   96   93   70   90   30   19
 2111   29   85   87   84   75   32   29
 2112   68   96   52   67   99   42   48
 2113   77   23   89   52   27   36   35
 2114   54   40   46   82   55   97   27
 2115   84    0   98    7   93    4   97
 2116   83   79   94   41   26   53   59
 2117   56   99   34   98   35   74   38
 2118   79   93   26   19   40   99   28
 2119   45    4   86   91   96    3    1
 2120    5   67    8   62   25    5   91
 2121   37   10   27   27   90   39   66
 2122   85   81   94   60   94   57   46
 2123    8   19   98   95   46   35   60
 2124   38   56   58   73   99   48    1
 2125   51   37    3   66   87   60    7
 2126   40    0    8   72   62   44   60
 2127   79   37   79   86   41   36   43
 2128    1   41   84   83   58   79   62
 2129   30   44   92   46   30   11   31
 2130   18   89   61    8   28    9   16
 2131   23   18   48   51   58   86   72
 2132   34    5    3   12   34   76   21
 2133   93   53   41   55   55   40   27
 2134   31   29   83   99   29   19   28
 2135   49   43   57   79   27    7   15
 2136   33   31   39   84   75    2   29
 2137   22   11   67   29   46   31   88
 2138   64   17   26    2   60   39   38
 2139   41    1    2   10   49   54   53
 2140   30   54   92   96   78   51    9
 2141    1    3   23   77    5   97   17
 2142   16   71   33   78   59   10   15
 2143   50   68   27   39   10   25   10
 2144   24   53   67   47   52   89   24
 2145   20    2   78   60   84   64   60
 2146   41   27   50   47   48   66   76
 2147   43   44   21   39   79   57   83
 2148   83   96   77   81   12   76   71
 2149   35   43   12   37   78   23   76
 2150   52   20   21   40   56   13   92
 2151   64    6    3   30   81   66   17
 2152   27   95   67   87   75   76   32
 2153   70   24   83   11   76   93   91
 2154   77   19   53   50   25    4   51
 2155   81   26   13    1   38   73   70
 2156   14   69   55   65    4   38   61
 2157    4   36   80   11   17   22   82
 2158   84   52    5   19   45   86   15
 2159   95   95   50   51   75   79   85
 2160   32   21   39   32   19    0   82
 2161   69   20   55   42    2   31   89
 2162   46   49   14   50   59   35   20
 2163   57   80   63   74   79   88   16
 2164   92   95   49    1   63   77   37
 2165   21   54   49   48   38    0   86
 2166   95   95   24   54   75   96   15
 2167   80   21   92   84   18   50   55
 2168    5   47   85   66   74   33   83
 2169   88   62   48    2   44   23   64
 2170   95   77   16   88   46   15   54
 2171   43   59   43   21   58   49    7
 2172   31   61   80   94   80   51    8
 2173   47   28   50   66   81   84   37
 2174   52   25   17   76   46   99   93
 2175   71   58    2   41    9   25   97
 2176   23   58    6   33   94   26    2
 2177   64   84    3   15   98   22   65
 2178   84   11   87   20    1   66   43
 2179   42   60   72   33   70   43   26
 2180   17   87   34   90   36   66   62
 2181   67   37   77   29   55   47   58
 2182   31   80   11   62   99   13   81
 2183   82   87   32   65    8   26   79
 2184   64   35    3   30   76   17   77
 